---
val_loss:          0.920284
val_bpb:           0.920284
val_accuracy:      0.6822
training_seconds:  120.0
total_seconds:     136.0
total_steps:       2129
total_epochs:      3
param_count:       357034
