---
val_loss:          0.780762
val_bpb:           0.780762
val_accuracy:      0.7245
training_seconds:  120.1
total_seconds:     138.3
total_steps:       1206
total_epochs:      4
param_count:       357034
