---
val_loss:          0.803214
val_bpb:           0.803214
val_accuracy:      0.7192
training_seconds:  120.1
total_seconds:     138.2
total_steps:       1216
total_epochs:      4
param_count:       357034
