---
val_loss:          0.860057
val_bpb:           0.860057
val_accuracy:      0.6954
training_seconds:  120.0
total_seconds:     138.2
total_steps:       1201
total_epochs:      4
param_count:       357034
