---
val_loss:          0.800475
val_bpb:           0.800475
val_accuracy:      0.7211
training_seconds:  120.0
total_seconds:     136.0
total_steps:       2120
total_epochs:      3
param_count:       357034
