---
val_loss:          0.887475
val_bpb:           0.887475
val_accuracy:      0.6917
training_seconds:  120.0
total_seconds:     136.1
total_steps:       2110
total_epochs:      3
param_count:       357034
